!MaterialData
BaseColor:
  x: 0.64000005
  y: 0.64000005
  z: 0.64000005
  w: 1
